46799
46901
46902
47111
47112
47191
47192
47211
47212
47213
47214
47215
47216
47219
47221
47222
47230
47241
47242
47243
47244
47245
47246
47249
47301
47302
47303
47401
47402
47403
47404
47405
47406
47511
47512
47513
47521
47522
47523
47524
47525
47526
47530
47591
47592
47593
47594
47599
47611
47612
47613
47620
47630
47690
47711
47712
47713
47714
47721
47722
47723
47724
47725
47726
47727
47728
47729
47731
47732
47733
47734
47735
47741
47742
47743
47744
47745
47746
47749
47751
47752
47753
47754
47761
47762
47763
47764
47765
47771
47772
47773
47774
47779
47781
47782
47791
47792
47793
47794
47795
47796
47799
47811
47812
47820
47831
47832
47833
47901
47909
49111
49119
49120
49211
49212
49213
49214
49219
49221
49222
49223
49229
49231
49232
49233
49291
49292
49293
49294
49295
49296
49297
49299
49300
50111
50112
50113
50114
50115
50121
50122
50123
50124
50125
50126
50127
50131
50132
50133
50134
50135
50139
50141
50142
50143
50144
50145
50149
50211
50212
50213
50221
50222
50223
51101
51102
51103
51201
51202
51203
52101
52102
52103
52104
52105
52106
52107
52109
52211
52212
52213
52214
52215
52219
52221
52222
52223
52224
52225
52226
52227
52229
52231
52232
52233
52234
52239
52240
52291
52292
52299
52311
52312
52313
52319
52321
52322
52323
52329
53100
53200
53301
53309
55101
55102
55103
55104
55105
55106
55201
55202
55203
55204
55209
55300
55400
55901
55909
56101
56102
56210
56290
56301
56302
56303
56304
56305
56306
56400
58110
58120
58130
58190
58211
58219
58290
59111
59112
59121
59122
59131
59132
59140
59201
59202
60101
60102
60103
60201
60202
60203
60311
60312
60390
61101
61102
61103
61104
61105
61106
61107
61108
61201
61209
61901
61902
61903
61904
61905
61909
62110
62191
62192
62193
62194
62199
62201
62202
62203
62204
62209
62900
63101
63102
63900
64110
64121
64122
64123
64124
64191
64192
64193
64194
64199
64210
64220
64310
64320
64330
64910
64920
64930
64940
64951
64952
64953
64954
64955
64959
64991
64992
64993
64994
64995
64996
64997
64999
65111
65112
65121
65122
65123
65131
65132
65201
65202
65203
65204
65301
65302
65303
65304
66111
66112
66113
66114
66115
66116
66117
66119
66121
66122
66123
66124
66125
66126
66127
66129
66131
66132
66133
66141
66142
66143
66144
66149
66151
66152
66153
66159
66161
66162
66191
66192
66193
66194
66195
66196
66197
66198
66199
66211
66212
66222
66223
66224
66225
66226
66291
66292
66299
66301
66302
66303
66309
68111
68112
68121
68122
68123
68124
68125
68126
68127
68129
68210
68291
68292
68299
69101
69102
69103
69104
69201
69202
70100
70201
70202
70203
70209
71101
71102
71109
71201
71202
71203
71204
71209
72101
72102
72103
72104
72105
72106
72109
72201
72202
73100
73201
73202
73300
74111
74112
74113
74114
74115
74116
74117
74118
74119
74191
74192
74193
74194
74199
74201
74209
74300
74910
74991
74999
75001
75002
75009
77100
77210
77291
77292
77293
77294
77299
77311
77312
77313
77391
77392
77393
77394
77395
77396
77397
77399
77400
77510
77520
78101
78102
78103
78104
78105
78109
78200
79110
79121
79122
79129
79901
79902
79903
79909
80110
80190
81100
81210
81290
81300
82100
82200
82300
82400
82911
82912
82921
82922
82923
82924
82925
82929
82990
84111
84112
84113
84114
84115
84119
84121
84122
84123
84124
84125
84126
84129
84130
84141
84142
84143
84144
84145
84146
84147
84148
84149
84210
84221
84222
84223
84224
84231
84232
84233
84234
84300
85101
85102
85103
85104
85201
85202
85203
85204
85311
85312
85313
85314
85315
85316
85317
85318
85321
85322
85323
85324
85330
85401
85402
85403
85404
85510
85520
85530
85541
85542
85549
85550
85560
85571
85572
85573
85574
85575
85576
85577
85578
85579
85581
85582
85583
85584
85585
85586
85587
85589
85591
85592
85593
85594
85595
85596
85597
85599
85610
85691
85692
85693
85694
85699
86101
86102
86103
86104
86105
86109
86201
86202
86203
86910
86991
86992
86993
86994
86995
87101
87102
87201
87202
87301
87302
87303
87910
87991
87992
87993
88101
88102
88901
88902
88903
88904
88905
88906
88907
90111
90112
90113
90120
90130
90200
90310
90391
90399
91111
91112
91121
91122
91211
91212
91221
91222
91300
91410
91421
91422
91423
91424
91425
91426
91429
92000
93111
93112
93113
93114
93115
93116
93119
93121
93122
93123
93124
93125
93126
93127
93128
93129
93191
93192
93193
93194
93195
93196
93197
93199
93210
93291
93292
93293
93294
93295
93296
93297
93299
94110
94121
94122
94200
94910
94920
94990
95101
95102
95210
95220
95230
95240
95291
95299
95311
95312
95320
95400
96100
96210
96220
96230
96300
96400
96900
97000
98100
98200
99000