01468
01469
01491
01492
01493
01494
01495
01496
01497
01498
01499
01611
01612
01613
01614
01615
01616
01619
01621
01622
01629
01630
01640
01700
02101
02102
02103
02201
02202
02300
02401
02402
02409
03110
03120
03211
03212
03213
03214
03221
03222
03223
03224
03231
03232
03233
03234
03300
05101
05102
05200
06100
06201
06202
07101
07102
07210
07221
07229
07291
07292
07293
07294
07295
07296
07299
08101
08102
08103
08104
08105
08106
08107
08108
08109
08911
08912
08913
08914
08915
08919
08920
08930
08991
08992
08993
08994
08995
08996
08999
09100
09900
10111
10112
10113
10119
10120
10211
10212
10213
10214
10215
10216
10217
10218
10219
10291
10292
10293
10294
10295
10296
10297
10298
10299
10301
10302
10303
10304
10305
10306
10307
10308
10309
10411
10412
10413
10414
10415
10419
10421
10422
10423
10431
10432
10433
10434
10435
10436
10437
10501
10502
10503
10504
10509
10611
10612
10613
10614
10615
10616
10621
10622
10623
10629
10631
10632
10633
10634
10635
10636
10710
10721
10722
10723
10729
10731
10732
10733
10739
10740
10750
10761
10762
10771
10772
10773
10779
10791
10792
10793
10794
10795
10796
10797
10798
10799
10801
10802
11010
11020
11030
11040
11051
11052
11053
11059
12001
12002
12003
12004
12005
12009
13111
13112
13113
13121
13122
13131
13132
13133
13139
13911
13912
13913
13921
13922
13923
13924
13929
13930
13941
13942
13991
13992
13993
13994
13995
13996
13999
14111
14112
14120
14131
14132
14200
14301
14302
15111
15112
15113
15114
15121
15122
15129
15201
15202
15203
15209
16101
16102
16103
16104
16105
16211
16212
16213
16219
16221
16222
16230
16291
16292
16293
16294
16295
16299
17011
17012
17013
17014
17019
17021
17022
17091
17099
18111
18112
18113
18120
18201
18202
19100
19201
19202
19203
19204
19205
19206
19209
20111
20112
20113
20114
20115
20116
20119
20121
20122
20123
20124
20125
20131
20132
20211
20212
20213
20221
20222
20223
20229
20231
20232
20233
20234
20235
20291
20292
20293
20294
20295
20296
20297
20298
20299
20301
20302
21011
21012
21013
21014
21015
21021
21022
21023
21024
22111
22112
22121
22122
22123
22129
22191
22192
22193
22194
22199
22201
22202
22203
22204
22205
22206
22209
23111
23112
23119
23121
23122
23129
23911
23919
23921
23922
23929
23931
23932
23933
23934
23935
23939
23941
23942
23943
23951
23952
23953
23954
23955
23961
23962
23969
23991
23992
23993
23999
24101
24102
24103
24201
24202
24203
24204
24205
24206
24310
24320
25111
25112
25113
25119
25120
25130
25200
25910
25920
25931
25932
25933
25934
25940
25951
25952
25991
25992
25993
25994
25995
25999
26110
26191
26199
26210
26220
26310
26320
26391
26399
26410
26420
26490
26511
26512
26513
26519
26520
26601
26602
26701
26702
26703
26709
26800
27111
27112
27113
27120
27201
27202
27203
27310
27320
27330
27401
27402
27403
27404
27409
27510
27520
27530
27900
28111
28112
28113
28120
28130
28140
28151
28152
28160
28171
28172
28173
28179
28180
28191
28192
28193
28199
28210
28220
28230
28240
28250
28261
28262
28263
28291
28292
28299
29100
29200
29300
30111
30112
30113
30120
30200
30301
30302
30303
30400
30911
30912
30921
30922
30990
31011
31012
31021
31022
31029
32111
32112
32113
32114
32119
32120
32201
32202
32300
32401
32402
32501
32502
32503
32509
32901
32902
32903
32904
32905
32906
32907
32908
32909
33111
33112
33119
33121
33122
33131
33132
33133
33141
33142
33149
33151
33152
33153
33159
33190
33201
33202
33203
35111
35112
35120
35131
35132
35133
35140
35151
35152
35159
35201
35202
35301
35302
35401
35402
36001
36002
36003
37001
37002
38110
38121
38122
38211
38212
38219
38221
38222
38301
38302
38309
39001
39002
39009
41011
41012
41013
41014
41015
41016
41017
41018
41019
41020
42101
42102
42103
42104
42201
42202
42203
42204
42205
42206
42207
42209
42911
42912
42913
42914
42915
42919
42991
42992
42993
42994
42995
42996
42997
42998
42999
43110
43120
43211
43212
43213
43214
43215
43216
43221
43222
43223
43224
43291
43299
43301
43302
43303
43309
43400
43901
43902
43903
43904
43905
43909
46100
46201
46202
46203
46204
46205
46206
46207
46208
46209
46311
46312
46313
46314
46315
46319
46321
46322
46323
46324
46325
46326
46327
46329
46331
46332
46333
46334
46335
46339
46411
46412
46413
46414
46415
46420
46430
46441
46442
46451
46452
46491
46492
46493
46494
46495
46496
46499
46511
46512
46521
46522
46523
46530
46591
46592
46593
46594
46599
46611
46612
46620
46631
46632
46633
46710
46721
46722
46731
46732
46733
46734
46735
46736
46737
46738
46739
46741
46742
46743
46751
46752
46753
46791
46792
46793
46794
46795
46796