43215
46324
46441
47712
47727
47729
47734
47745
47751
47772
47792
50112
50133
50139
50149
51101
51103
51201
52104
52106
52107
52214
52215
52222
52227
52232
55102
55201
56303
56306
58120
58219
59201
59202
60201
61106
61901
61909
64123
64124
64920
64997
65202
65204
65304
66114
66122
66141
66152
66153
66159
66195
66197
66212
66224
66302
68126
68291
69103
70203
71101
71201
72201
73100
73202
74112
74118
77397
77400
79121
79901
84121
84122
84124
84125
84130
84146
84222
84223
84224
84231
85103
85202
85401
85560
85575
85589
85597
85691
85692
86101
86109
86993
87101
87303
87992
87993
88906
91111
91112
91429
93114
93125
93127
95220
