56101
56102
56210
56290
56301
56302
56303
56304
56400
55111
55112
55120
55191
55192
55193
55194
55195
55196
55197
68110
68120
68201
68202
47111
47112
47191
47192
47211
47221
47231
47241
47251
47261
47291
47301
47411
47421
47431
47511
47521
47531
47591
47611
47621
47631
47711
47721
47722
47731
47741
47751
47761
47771
47772
47773
47774
47791
47811
47812
47821
47822
47911
47912
47913
41011
41012
41013
41020
43110
43120
43210
43220
43290
43301
43302
43400
62011
62012
62013
62021
62022
62023
62029
62900
63111
63112
63120
79110
79120
79210
79220
79901
79902
79903
79909
70100
70201
70202
70203
70209
73110
73120
73200
74101
74102
74103
74109
74200
74901
74902
74903
85410
85421
85422
85430
85491
85492
85493
85494
85495
85499
86101
86102
86201
86202
86901
86902
86903
86904
86905
96102
96103
96104
96105
96109
96201
96202
93111
93112
93121
93122
93131
93132
93191
93192
93210
93220
93291
93292
93293
90001
90002
90003
90004
90005
90006
90007
90008
90009
77101
77102
77103
77211
77212
77291
77292
77293
77301
77302
77303
77401
77402
49111
49112
49221
49223
49224
46100
46311
46321
46331
46341
46391
